0 0 -10 -8.93 0 -4.5 0 8.93 -4.5
0 0 -10 0 8.93 -4.5 8.93 0 -4.5
0 0 -10 8.93 0 -4.5 0 -8.93 -4.5
0 0 -10 0 -8.93 -4.5 -8.93 0 -4.5
0 0 10 -8.93 0 4.5 0 8.93 4.5
0 0 10 0 8.93 4.5 8.93 0 4.5
0 0 10 8.93 0 4.5 0 -8.93 4.5
0 0 10 0 -8.93 4.5 -8.93 0 4.5
0 8.93 -4.5 8.93 0 -4.5 0 8.93 4.5
0 8.93 4.5 8.93 0 4.5 8.93 0 -4.5
0 -8.93 -4.5 -8.93 0 -4.5 0 -8.93 4.5
0 -8.93 4.5 -8.93 0 4.5 -8.93 0 -4.5
-8.93 0 -4.5 0 8.93 -4.5 -8.93 0 4.5
-8.93 0 4.5 0 8.93 4.5 0 8.93 -4.5
8.93 0 -4.5 0 -8.93 -4.5 8.93 0 4.5
8.93 0 4.5 0 -8.93 4.5 0 -8.93 -4.5